# camera path v1: key time x y z yaw pitch fov boost
observer 1
key 0 -92.283 26.8113 197.902 -65 -7 50 0
key 10 -30.756 16.7008 114.783 -75 -8 55 0
key 20 0 8.68241 49.2404 -90 -10 60 0
key 30 11.8171 1.46541 25.3418 -115 -3 62 0
key 40 16.8733 1.25562 6.14137 -160 -4 62 0
key 50 8.80238 2.91076 -10.4903 -230 -12 66 0
key 58 -3.21394 3.4202 -8.83022 -290 -20 70 0
key 66 -5.92657 1.57249 -2.15709 -340 -14 70 0
key 72 -4.5379 0.640196 0.397015 -365 -8 72 1
key 75 -3.17543 0.287614 0.850853 -375 -5 75 1
